Elapsed: 130298.39001941681
Elapsed: 222195.1219918728
